Номер среза Проекция Смещение по Y Градус поворота
0             1             2.9550961849602351E+002         -0.0000000000000000E+000
0             2             8.9695349598687756E+001         -0.0000000000000000E+000
0             3             2.9550961849602351E+002         -0.0000000000000000E+000
0 X rotation
 1.0000000000000000E+000 0.0000000000000000E+000 0.0000000000000000E+000
 0.0000000000000000E+000 1.0000000000000000E+000 0.0000000000000000E+000
 0.0000000000000000E+000 0.0000000000000000E+000 1.0000000000000000E+000
0 Y rotation
 1.0000000000000000E+000 0.0000000000000000E+000 0.0000000000000000E+000
 0.0000000000000000E+000 9.9950656119924397E-001-3.1410732555324214E-002
 0.0000000000000000E+000 3.1410732555324214E-002 9.9950656119924397E-001
0 Z rotation
 1.0000000000000000E+000 0.0000000000000000E+000 0.0000000000000000E+000
 0.0000000000000000E+000 1.0000000000000000E+000 0.0000000000000000E+000
 0.0000000000000000E+000 0.0000000000000000E+000 1.0000000000000000E+000
